%%MatrixMarket matrix coordinate real general
%
162 162 5202
1 1 3.334298212721724E4
1 2 -8.567607043775815E3
1 3 -4.5650642332835207E2
1 4 -3.421239283512635E1
1 10 -2.74020011549957E4
1 11 -4.365447960407965E3
1 12 7.570367861099307E2
1 13 1.0832421398546215E2
1 19 5.713644865046691E2
1 20 3.909850657170171E3
1 21 1.2308737916236792E3
1 22 9.83123526385491E1
1 28 1.775761797543195E2
1 29 4.8536089829828205E2
1 30 1.339187099660636E2
1 31 1.0174772074607718E1
2 1 -8.567607043775815E3
2 2 8.80548295725708E3
2 3 1.2343828928178052E3
2 4 5.599022969647423
2 5 -2.182080799381717
2 10 8.562344425732725E3
2 11 -6.643754304200636E3
2 12 -3.4173830863920034E3
2 13 -2.572486334441811E2
2 14 1.4587119801380723E1
2 19 -6.538173889588378E2
2 20 -6.574839691942555E2
2 21 9.708840006988767E2
2 22 4.119715832746125E2
2 23 9.5412470240776
2 28 -7.363011934956639E1
2 29 3.877570777784607E1
2 30 1.6560521088115897E2
2 31 5.297147093111202E1
2 32 9.609869483552296E-1
3 1 -4.5650642332835207E2
3 2 1.2343828928178052E3
3 3 2.1375807484310317E3
3 4 6.879986943043801E2
3 5 -2.5145535585978966E1
3 6 -1.8419482078779392E-1
3 10 4.4254035356465056E2
3 11 -6.307585658679981E2
3 12 -2.8406906426482974E3
3 13 -1.5104191996229783E3
3 14 9.835906189813429E-1
3 15 7.0814444867554815
3 19 -1.1308284633510528E1
3 20 -2.0489498144843165E2
3 21 2.580924080092768E2
3 22 5.767987833766472E2
3 23 1.3472493465716803E2
3 24 3.7607237193822742
3 28 -3.738079374843174
3 29 2.567676034712963
3 30 8.565208191565046E1
3 31 9.472445692126627E1
3 32 1.639141786163109E1
3 33 3.657006118388547E-1
4 1 -3.421239283512635E1
4 2 5.599022969647423
4 3 6.879986943043801E2
4 4 1.1890842803450262E3
4 5 2.3645657289604407E2
4 6 -2.2016290106632766E1
4 7 4.3117059870361535E-1
4 10 2.2397506562173387E1
4 11 8.72502767191941E1
4 12 -5.310153117724677E2
4 13 -1.5973198083216325E3
4 14 -6.468065037609031E2
4 15 2.618558241346727E1
4 16 5.8463560415440865
4 19 1.1536709734023751
4 20 -2.8224893004441025E1
4 21 -5.7018516784588144E1
4 22 1.6499484923779406E2
4 23 2.925318343681932E2
4 24 7.799097738619233E1
4 25 2.6907095746209793
4 28 -7.805103715922344E-2
4 29 -1.6836660694734225
4 30 9.84235503849257
4 31 5.2134776980196264E1
4 32 4.6351398944729375E1
4 33 9.182074489783522
4 34 2.533238488395219E-1
5 2 -2.182080799381717
5 3 -2.5145535585978966E1
5 4 2.3645657289604407E2
5 5 5.613448294485828E2
5 6 1.0052815260993592E2
5 7 -1.8476240186529118E1
5 8 1.2258204953139065
5 11 5.098318853733339E-1
5 12 4.0119458920641605E1
5 13 -1.0250768116122468E2
5 14 -7.205565207376376E2
5 15 -3.508797555529117E2
5 16 2.7930448281036245E1
5 17 7.7429486973267885
5 20 2.0762607744130773E-1
5 21 -3.7581252095078193
5 22 -4.1147533142564335E1
5 23 3.44193439612836E1
5 24 1.506365070803717E2
5 25 5.1003266810346126E1
5 26 3.208962308895635
5 29 8.361780025184538E-3
5 30 -4.8481376767061163E-1
5 31 5.403176772624293E-1
5 32 1.896606414898242E1
5 33 2.413145095676265E1
5 34 5.864640224040306
5 35 2.9368188374051146E-1
6 3 -1.8419482078779392E-1
6 4 -2.2016290106632766E1
6 5 1.0052815260993592E2
6 6 3.2756804109560176E2
6 7 5.406310464602066E1
6 8 -2.909165331175805E1
6 9 6.607769481467028
6 12 -3.9947625287823463E-1
6 13 2.330942681117662E1
6 14 -2.0567262589269166
6 15 -3.9599267216903974E2
6 16 -2.3573214383153586E2
6 17 1.7614081057424414E1
6 18 2.8477822647760696E1
6 21 6.69567872287842E-2
6 22 -1.369996932674146E-1
6 23 -2.4513705470949656E1
6 24 -2.475483290569679
6 25 7.111168534579714E1
6 26 4.6673509336155824E1
6 27 1.0891491675767483E1
6 30 5.454902543128057E-3
6 31 -1.7483526323717258E-1
6 32 -8.764120456757368E-1
6 33 7.887513974610119
6 34 1.241801565892947E1
6 35 5.455008167051279
6 36 9.72558317788757E-1
7 4 4.3117059870361535E-1
7 5 -1.8476240186529118E1
7 6 5.406310464602066E1
7 7 2.0864623695567903E2
7 8 -3.7770461032374556E1
7 9 6.48763793610199E-1
7 13 -6.118308665608763E-1
7 14 1.387059990626472E1
7 15 2.5495279241506832E1
7 16 -1.8943024183723549E2
7 17 -2.890006379415956E2
7 18 1.7109725890168383E2
7 22 2.2644285570358136E-2
7 23 8.963371084019021E-1
7 24 -1.5107136091456358E1
7 25 -2.4377549799887785E1
7 26 3.543484364989542
7 27 8.375513088168763E1
7 31 3.5247574843727094E-3
7 32 -3.848034050922033E-2
7 33 -9.833083682172019E-1
7 34 9.801314804975515E-1
7 35 4.314160373977372
7 36 8.028059168288705
8 5 1.2258204953139065
8 6 -2.909165331175805E1
8 7 -3.7770461032374556E1
8 8 4.3316366834530584E1
8 9 -1.4478321648934145E1
8 14 -9.879320650747115E-1
8 15 1.4986344963870593E1
8 16 9.525477248183675E1
8 17 -6.771445153914266E1
8 18 1.4352045190235811E1
8 23 -4.659946782353947E-3
8 24 1.7945653917954585
8 25 -1.973263252425532
8 26 -6.3809897472514194E1
8 27 4.324197220076548E1
8 32 2.7137708370802835E-3
8 33 3.315034084479453E-2
8 34 -7.312675655549461E-1
8 35 -5.606910774276503
8 36 7.961066938807232
9 6 6.607769481467028
9 7 6.48763793610199E-1
9 8 -1.4478321648934145E1
9 9 6.680926707160016
9 15 -3.836908392745708
9 16 -2.238936711592954E1
9 17 4.5315590371228325E1
9 18 -1.9066706600966803E1
9 24 -1.0268827592916661E-1
9 25 1.0165727026399438
9 26 1.4267212621743443E1
9 27 -1.4304578195886972E1
9 33 3.328129737708901E-3
9 34 1.648891441151147E-1
9 35 4.014556367535974E-1
9 36 -9.279383580630379E-1
10 1 -2.74020011549957E4
10 2 8.562344425732725E3
10 3 4.4254035356465056E2
10 4 2.2397506562173387E1
10 10 2.6661317850322986E4
10 11 -2.2175926500692066E2
10 12 -1.0433866934685182E3
10 13 -9.121698574919785E1
10 19 -2.0243666822654793E3
10 20 -4.351601756897383E3
10 21 -4.861578732451511E2
10 22 -5.673099312946783
10 28 -4.65289032499159E2
10 29 8.04371347939367E1
10 30 2.2771450684988676E2
10 31 2.5666511224997475E1
10 37 1.336976474090693E1
10 38 4.1659552345519664E1
10 39 1.2953523621769572E1
10 40 1.051413680901091
11 1 -4.365447960407965E3
11 2 -6.643754304200636E3
11 3 -6.307585658679981E2
11 4 8.72502767191941E1
11 5 5.098318853733339E-1
11 10 -2.2175926500692066E2
11 11 1.158427552969857E4
11 12 2.793729187370902E3
11 13 4.5486922191927075
11 14 -8.21956317820003
11 19 1.6533530534635036E3
11 20 -1.1163277498457724E3
11 21 -2.0866447699720397E3
11 22 -3.9082962638381946E2
11 23 3.4975305355899806
11 28 1.1819353736972384E2
11 29 -6.119002543811936E2
11 30 -2.212189978784614E2
11 31 3.1704684231713227E1
11 32 3.598461679316414
11 37 -6.354467581897331
11 38 1.4819501929249685
11 39 1.540478569107983E1
11 40 5.548435447979405
11 41 1.1956819983948724E-1
12 1 7.570367861099307E2
12 2 -3.4173830863920034E3
12 3 -2.8406906426482974E3
12 4 -5.310153117724677E2
12 5 4.0119458920641605E1
12 6 -3.9947625287823463E-1
12 10 -1.0433866934685182E3
12 11 2.793729187370902E3
12 12 4.601742181834476E3
12 13 1.469162563625328E3
12 14 -7.45103995657815E1
12 15 -2.4329625275489706
12 19 7.87793451892219E1
12 20 3.452910154197426E2
12 21 -8.722057254552585E2
12 22 -9.446866409993903E2
12 23 -8.483563336225477E1
12 24 2.847985660092626
12 28 2.0929774454278576E1
12 29 -5.695563632831511E1
12 30 -2.1678337713154883E2
12 31 -6.838206311783006E1
12 32 2.2857851216055092E1
12 33 1.7681639668612572
12 37 -1.9205934702599065E-1
12 38 -8.095700101598091E-2
12 39 7.773793365726622
12 40 9.898769411222307
12 41 1.9537234402143726
12 42 5.006538544030219E-2
13 1 1.0832421398546215E2
13 2 -2.572486334441811E2
13 3 -1.5104191996229783E3
13 4 -1.5973198083216325E3
13 5 -1.0250768116122468E2
13 6 2.330942681117662E1
13 7 -6.118308665608763E-1
13 10 -9.121698574919785E1
13 11 4.5486922191927075
13 12 1.469162563625328E3
13 13 2.5552649908771914E3
13 14 4.8984145301555094E2
13 15 -6.574389975445037E1
13 16 -9.410158863160777E-1
13 19 -2.090142727559694
13 20 7.867903657507371E1
13 21 5.4159182233730505E1
13 22 -5.041286905731953E2
13 23 -4.6313613369365277E2
13 24 -3.521017548310748E1
13 25 3.0068742192990414
13 28 7.692746516407671E-1
13 29 3.82610311121151
13 30 -4.577935975863211E1
13 31 -1.2220262886428014E2
13 32 -2.3678435006940155E1
13 33 1.74562840996892E1
13 34 1.4786384254697782
13 37 2.389467242754345E-3
13 38 -1.3959914987517166E-1
13 39 8.195151066952652E-1
13 40 5.235730039558502
13 41 5.2785478584234085
13 42 1.1743876786686656
13 43 3.691606317967769E-2
14 2 1.4587119801380723E1
14 3 9.835906189813429E-1
14 4 -6.468065037609031E2
14 5 -7.205565207376376E2
14 6 -2.0567262589269166
14 7 1.387059990626472E1
14 8 -9.879320650747115E-1
14 11 -8.21956317820003
14 12 -7.45103995657815E1
14 13 4.8984145301555094E2
14 14 1.2132292260523184E3
14 15 2.0540337936203113E2
14 16 -5.437101432935522E1
14 17 -3.39306607038844E-2
14 20 -8.704365384364208E-1
14 21 1.5435732815079787E1
14 22 8.613942574732224E1
14 23 -1.90531251840519E2
14 24 -2.64456336140869E2
14 25 -1.771171344050225E1
14 26 4.651789813921765
14 29 -3.156228906258584E-2
14 30 2.4899590215446423
14 31 -9.253946635410822
14 32 -6.113119010644482E1
14 33 -1.5901709264785488E1
14 34 1.315093269353053E1
14 35 1.986853334120992
14 38 1.713901814207143E-3
14 39 -2.8633010000665586E-2
14 40 3.5679258638581006E-2
14 41 1.9607430063402314
14 42 2.863320063833964
14 43 7.830415786263467E-1
14 44 4.480983131319483E-2
15 3 7.0814444867554815
15 4 2.618558241346727E1
15 5 -3.508797555529117E2
15 6 -3.9599267216903974E2
15 7 2.5495279241506832E1
15 8 1.4986344963870593E1
15 9 -3.836908392745708
15 12 -2.4329625275489706
15 13 -6.574389975445037E1
15 14 2.0540337936203113E2
15 15 7.146587938091913E2
15 16 1.1602578499991013E2
15 17 -7.213437771495667E1
15 18 3.773621572110959
15 21 -3.82174405662658E-1
15 22 3.118686706722665
15 23 6.925759681251047E1
15 24 -8.1131244440733E1
15 25 -1.7107583120291062E2
15 26 -2.9599888599153957E1
15 27 1.9126361391369805E1
15 30 -4.187333734329054E-2
15 31 1.4332639299345247
15 32 5.162686398589077E-1
15 33 -3.645855428416266E1
15 34 -1.7746970329274927E1
15 35 9.906372266762448
15 36 7.419269425563403
15 39 8.211563105883902E-4
15 40 -1.7418240101455403E-3
15 41 -8.653512862136821E-2
15 42 7.945443073475175E-1
15 43 1.4729817030652304
15 44 7.351288548523439E-1
15 45 1.5386362038416698E-1
16 4 5.8463560415440865
16 5 2.7930448281036245E1
16 6 -2.3573214383153586E2
16 7 -1.8943024183723549E2
16 8 9.525477248183675E1
16 9 -2.238936711592954E1
16 13 -9.410158863160777E-1
16 14 -5.437101432935522E1
16 15 1.1602578499991013E2
16 16 4.498108451675021E2
16 17 -3.267303300166447E1
16 18 -5.314759107112676E1
16 22 -1.5617386106376624E-1
16 23 -2.2091831714437977
16 24 5.7216432654122315E1
16 25 6.5137723143485875
16 26 -2.335634328205852E2
16 27 8.104073650051242E1
16 31 -3.185330177221483E-2
16 32 6.510692114136211E-1
16 33 3.877511662286783
16 34 -1.7572049938531013E1
16 35 -4.8467201978036385E1
16 36 4.501193193190566E1
16 40 5.007586577026297E-4
16 41 8.507135762779571E-3
16 42 -9.399673131393284E-2
16 43 2.432280054319689E-2
16 44 3.504893639993179E-1
16 45 1.2148175705281257
17 5 7.7429486973267885
17 6 1.7614081057424414E1
17 7 -2.890006379415956E2
17 8 -6.771445153914266E1
17 9 4.5315590371228325E1
17 14 -3.39306607038844E-2
17 15 -7.213437771495667E1
17 16 -3.267303300166447E1
17 17 8.730869628973209E2
17 18 -4.164890252335993E2
17 23 8.817568608626332E-2
17 24 -8.894188233531723
17 25 4.3157921636741406E1
17 26 2.737032693653615E2
17 27 -3.4814320082117655E2
17 32 -1.6175895677726482E-2
17 33 2.2727966492328694E-2
17 34 9.506897770520638
17 35 1.695233159351643E1
17 36 -5.2108447030468234E1
17 41 4.300903008100772E-4
17 42 1.7100121730506526E-2
17 43 -3.71155164990995E-2
17 44 -7.279158707718695E-1
17 45 7.640622057375407E-1
18 6 2.8477822647760696E1
18 7 1.7109725890168383E2
18 8 1.4352045190235811E1
18 9 -1.9066706600966803E1
18 15 3.773621572110959
18 16 -5.314759107112676E1
18 17 -4.164890252335993E2
18 18 2.1438516041449853E2
18 24 1.5632545228375618
18 25 -1.595986846879008E1
18 26 -8.232059980543195E1
18 27 1.4159954437137233E2
18 33 9.113451124195025E-2
18 34 -2.6181410393596116
18 35 -4.10321240775645
18 36 1.825447498927553E1
18 42 1.0189687270496229E-3
18 43 2.1434430460104147E-2
18 44 6.546136617941123E-3
18 45 8.182797020877178E-2
19 1 5.713644865046691E2
19 2 -6.538173889588378E2
19 3 -1.1308284633510528E1
19 4 1.1536709734023751
19 10 -2.0243666822654793E3
19 11 1.6533530534635036E3
19 12 7.87793451892219E1
19 13 -2.090142727559694
19 19 1.7312996379232147E3
19 20 -5.819073903813926E2
19 21 -2.4790315824320385E2
19 22 -9.602881458173501
19 28 1.3621653166856838E1
19 29 -8.305358123739386E2
19 30 1.1108110677882577E2
19 31 2.8171038861395203E1
19 37 -6.149800023642699E1
19 38 1.0622847404124167E2
19 39 9.979045396235269E1
19 40 1.0854215816484277E1
19 46 3.5866456990507793
19 47 9.942171870089803
19 48 3.503223907389972
19 49 3.0056312082484377E-1
20 1 3.909850657170171E3
20 2 -6.574839691942555E2
20 3 -2.0489498144843165E2
20 4 -2.8224893004441025E1
20 5 2.0762607744130773E-1
20 10 -4.351601756897383E3
20 11 -1.1163277498457724E3
20 12 3.452910154197426E2
20 13 7.867903657507371E1
20 14 -8.704365384364208E-1
20 19 -5.819073903813926E2
20 20 2.524944751455391E3
20 21 2.482881161334784E2
20 22 -7.44684481576307E1
20 23 1.0398165825896852
20 28 3.950163683352309E2
20 29 2.0280113376433042E2
20 30 -5.088232958570703E2
20 31 -5.687806005900683E1
20 32 5.906853076510328
20 37 1.7536368961534187E1
20 38 -1.475215443701489E2
20 39 -3.0127538797838994E1
20 40 2.3776291191235845E1
20 41 1.6486116879604173
20 46 -1.5672041028022266
20 47 1.1407608329150125E-1
20 48 3.979616816981998
20 49 1.5775508900494088
20 50 3.937843359875539E-2
21 1 1.2308737916236792E3
21 2 9.708840006988767E2
21 3 2.580924080092768E2
21 4 -5.7018516784588144E1
21 5 -3.7581252095078193
21 6 6.69567872287842E-2
21 10 -4.861578732451511E2
21 11 -2.0866447699720397E3
21 12 -8.722057254552585E2
21 13 5.4159182233730505E1
21 14 1.5435732815079787E1
21 15 -3.82174405662658E-1
21 19 -2.4790315824320385E2
21 20 2.482881161334784E2
21 21 8.485838759792887E2
21 22 1.706767828729476E2
21 23 -3.686515058507142E1
21 24 1.5998364529533724
21 28 -4.545876075264567E1
21 29 2.370510755561148E2
21 30 6.516512195095741
21 31 -1.821358703944172E2
21 32 -2.1550132051770032
21 33 3.671689792113342
21 37 3.9035395061134737
21 38 -8.683057434126258
21 39 -4.101178075115409E1
21 40 1.375567190918497
21 41 1.2743206095205727E1
21 42 8.496894908485778E-1
21 46 1.2492158753919593E-2
21 47 7.331426153726595E-2
21 48 2.0779058223520335
21 49 2.814259705769032
21 50 6.121627688304109E-1
21 51 1.7878287810591392E-2
22 1 9.83123526385491E1
22 2 4.119715832746125E2
22 3 5.767987833766472E2
22 4 1.6499484923779406E2
22 5 -4.1147533142564335E1
22 6 -1.369996932674146E-1
22 7 2.2644285570358136E-2
22 10 -5.673099312946783
22 11 -3.9082962638381946E2
22 12 -9.446866409993903E2
22 13 -5.041286905731953E2
22 14 8.613942574732224E1
22 15 3.118686706722665
22 16 -1.5617386106376624E-1
22 19 -9.602881458173501
22 20 -7.44684481576307E1
22 21 1.706767828729476E2
22 22 4.7372430167387546E2
22 23 2.696271838955526E1
22 24 -2.62374465913696E1
22 25 2.171476499268548
22 28 -4.572572051648062
22 29 1.2325543271666126E1
22 30 9.770802420822578E1
22 31 -3.184340930911592
22 32 -1.1447317342357414E2
22 33 4.949811461320954
22 34 3.606396018920762
22 37 9.576675309581373E-2
22 38 1.2513293264004488
22 39 -8.233371714599675
22 40 -2.423412010941462E1
22 41 3.072365044275663
22 42 9.307683596600487
22 43 7.355585061155635E-1
22 46 4.506244885250376E-3
22 47 2.3696298838179167E-3
22 48 2.9757196556289894E-1
22 49 1.5189280327422376
22 50 1.5927691033720592
22 51 3.8894246901341867E-1
22 52 1.3948068623133657E-2
23 2 9.5412470240776
23 3 1.3472493465716803E2
23 4 2.925318343681932E2
23 5 3.44193439612836E1
23 6 -2.4513705470949656E1
23 7 8.963371084019021E-1
23 8 -4.659946782353947E-3
23 11 3.4975305355899806
23 12 -8.483563336225477E1
23 13 -4.6313613369365277E2
23 14 -1.90531251840519E2
23 15 6.925759681251047E1
23 16 -2.2091831714437977
23 17 8.817568608626332E-2
23 20 1.0398165825896852
23 21 -3.686515058507142E1
23 22 2.696271838955526E1
23 23 2.671756936379269E2
23 24 -7.864145092844302
23 25 -2.1504062655923722E1
23 26 3.9313520354369693
23 29 -2.377379952275702E-1
23 30 -4.402691424824401
23 31 5.45964994714461E1
23 32 1.6637622495500025E1
23 33 -8.399551782229811E1
23 34 4.99293985853456
23 35 5.4582794823965335
23 38 -5.787892271751612E-3
23 39 6.308433159961395E-1
23 40 -1.0775463112162518
23 41 -1.4547064818669766E1
23 42 -4.070388871949992E-1
23 43 6.890934466666171
23 44 1.0157529757206956
23 47 1.0338907262598112E-3
23 48 9.461433162238426E-3
23 49 7.180479460801864E-2
23 50 5.932745559096361E-1
23 51 8.863918533124979E-1
23 52 2.6820811866363065E-1
23 53 1.768345968235526E-2
24 3 3.7607237193822742
24 4 7.799097738619233E1
24 5 1.506365070803717E2
24 6 -2.475483290569679
24 7 -1.5107136091456358E1
24 8 1.7945653917954585
24 9 -1.0268827592916661E-1
24 12 2.847985660092626
24 13 -3.521017548310748E1
24 14 -2.64456336140869E2
24 15 -8.1131244440733E1
24 16 5.7216432654122315E1
24 17 -8.894188233531723
24 18 1.5632545228375618
24 21 1.5998364529533724
24 22 -2.62374465913696E1
24 23 -7.864145092844302
24 24 1.877620116834189E2
24 25 -1.1240373678375338E1
24 26 -4.25266800198813E1
24 27 1.808779792014937E1
24 30 2.3891428270136528E-1
24 31 -7.047743807190817
24 32 3.414605477509953E1
24 33 2.6021400462714166E1
24 34 -6.994941994055652E1
24 35 -1.0975518876386811E1
24 36 2.2353374993458946E1
24 39 2.739416370002804E-3
24 40 2.9024059011844616E-1
24 41 1.0672192703154293
24 42 -9.562157560802136
24 43 -4.606706136253879
24 44 5.089966599402084
24 45 3.879652910540793
24 48 5.443219233670211E-4
24 49 1.12883213324141E-2
24 50 1.8705012374796517E-2
24 51 2.4356866583023498E-1
24 52 4.499555548849774E-1
24 53 2.5081129897179966E-1
24 54 6.291471250291078E-2
25 4 2.6907095746209793
25 5 5.1003266810346126E1
25 6 7.111168534579714E1
25 7 -2.4377549799887785E1
25 8 -1.973263252425532
25 9 1.0165727026399438
25 13 3.0068742192990414
25 14 -1.771171344050225E1
25 15 -1.7107583120291062E2
25 16 6.5137723143485875
25 17 4.3157921636741406E1
25 18 -1.595986846879008E1
25 22 2.171476499268548
25 23 -2.1504062655923722E1
25 24 -1.1240373678375338E1
25 25 1.8306836098059225E2
25 26 -1.3901280791100243E2
25 27 4.335209709831296E1
25 31 5.578726906446329E-1
25 32 -8.3352322572923
25 33 2.7725033607428298E1
25 34 5.989183249117375E1
25 35 -1.8362141313743948E2
25 36 1.0084168779063772E2
25 40 1.7304597215678258E-2
25 41 6.116322505502092E-3
25 42 1.9778803402587624
25 43 -3.9590923353975604
25 44 -2.2929103366480874E1
25 45 2.3070323368516252E1
25 49 4.617412342359797E-4
25 50 1.0591615477178361E-2
25 51 2.768562495258768E-3
25 52 5.18688245248824E-3
25 53 2.9604279618993763E-2
25 54 4.709100348022457E-1
26 5 3.208962308895635
26 6 4.6673509336155824E1
26 7 3.543484364989542
26 8 -6.3809897472514194E1
26 9 1.4267212621743443E1
26 14 4.651789813921765
26 15 -2.9599888599153957E1
26 16 -2.335634328205852E2
26 17 2.737032693653615E2
26 18 -8.232059980543195E1
26 23 3.9313520354369693
26 24 -4.25266800198813E1
26 25 -1.3901280791100243E2
26 26 6.936871014544801E2
26 27 -4.395342519175287E2
26 32 1.2586821862272803
26 33 -1.893248490201788E1
26 34 -1.7948588279622513E1
26 35 3.704091318552496E2
26 36 -3.3754853395149024E2
26 41 5.274288960823918E-2
26 42 -5.965635462673924E-1
26 43 2.2267216043030365
26 44 1.7880941981924913E1
26 45 -3.0030250661632248E1
26 50 6.581752141768994E-4
26 51 1.1536717127068486E-2
26 52 7.819840599461943E-3
26 53 -1.7078125292019175E-1
26 54 7.984458880955238E-2
27 6 1.0891491675767483E1
27 7 8.375513088168763E1
27 8 4.324197220076548E1
27 9 -1.4304578195886972E1
27 15 1.9126361391369805E1
27 16 8.104073650051242E1
27 17 -3.4814320082117655E2
27 18 1.4159954437137233E2
27 24 1.808779792014937E1
27 25 4.335209709831296E1
27 26 -4.395342519175287E2
27 27 3.383462120981217E2
27 33 6.596872514886039
27 34 3.3879341596711927
27 35 -1.8897495562641527E2
27 36 1.9517182614922226E2
27 42 3.278891793106736E-1
27 43 -4.398743607905649E-1
27 44 -9.95753310379863
27 45 1.628565982072452E1
27 51 2.764445140164322E-3
27 52 1.6492809568294322E-2
27 53 -7.628313162532269E-2
27 54 1.9989394063986549E-1
28 1 1.775761797543195E2
28 2 -7.363011934956639E1
28 3 -3.738079374843174
28 4 -7.805103715922344E-2
28 10 -4.65289032499159E2
28 11 1.1819353736972384E2
28 12 2.0929774454278576E1
28 13 7.692746516407671E-1
28 19 1.3621653166856838E1
28 20 3.950163683352309E2
28 21 -4.545876075264567E1
28 22 -4.572572051648062
28 28 5.625957134252781E2
28 29 -5.005860776057484E2
28 30 -8.584782281083012E1
28 31 7.012283400596483
28 37 4.482999820268092
28 38 -3.4523302934827126E2
28 39 1.164898141511252E2
28 40 2.222887772557868E1
28 46 -6.259651241133911
28 47 3.265606012049085E1
28 48 4.63136541038215E1
28 49 5.39088806401879
28 55 2.147836178537
28 56 3.6558081704971888
28 57 1.480066499109886
28 58 1.3240667963304656E-1
29 1 4.8536089829828205E2
29 2 3.877570777784607E1
29 3 2.567676034712963
29 4 -1.6836660694734225
29 5 8.361780025184538E-3
29 10 8.04371347939367E1
29 11 -6.119002543811936E2
29 12 -5.695563632831511E1
29 13 3.82610311121151
29 14 -3.156228906258584E-2
29 19 -8.305358123739386E2
29 20 2.0280113376433042E2
29 21 2.370510755561148E2
29 22 1.2325543271666126E1
29 23 -2.377379952275702E-1
29 28 -5.005860776057484E2
29 29 1.1992350836980459E3
29 30 -6.655966706038843E1
29 31 -6.598930945102418E1
29 32 3.4638050513061263
29 37 1.2567337595608379E2
29 38 7.862101271166598E1
29 39 -2.6930958772728764E2
29 40 -1.5597257996526698E1
29 41 4.7501329262421645
29 46 1.4729740609319841
29 47 -5.559273205460566E1
29 48 -1.5733338849627296E1
29 49 1.139621162398742E1
29 50 9.303706888847306E-1
29 55 -6.220288321576166E-1
29 56 2.2753979552636822E-1
29 57 1.6958225278945374
29 58 6.954838561147907E-1
29 59 1.9221729766651093E-2
30 1 1.339187099660636E2
30 2 1.6560521088115897E2
30 3 8.565208191565046E1
30 4 9.84235503849257
30 5 -4.8481376767061163E-1
30 6 5.454902543128057E-3
30 10 2.2771450684988676E2
30 11 -2.212189978784614E2
30 12 -2.1678337713154883E2
30 13 -4.577935975863211E1
30 14 2.4899590215446423
30 15 -4.187333734329054E-2
30 19 1.1108110677882577E2
30 20 -5.088232958570703E2
30 21 6.516512195095741
30 22 9.770802420822578E1
30 23 -4.402691424824401
30 24 2.3891428270136528E-1
30 28 -8.584782281083012E1
30 29 -6.655966706038843E1
30 30 3.506915068909198E2
30 31 1.2795234859834167E1
30 32 -2.475258003034289E1
30 33 2.9660105745767225
30 37 -2.263700474236501E1
30 38 8.759921755122136E1
30 39 -5.328492018986841
30 40 -9.511091204189374E1
30 41 6.07912097320544
30 42 3.0355506112771558
30 46 1.4778531906640984
30 47 -1.7643861740839202
30 48 -1.625089229759543E1
30 49 2.9559562209898527E-1
30 50 6.6045995683591805
30 51 5.183535268053251E-1
30 55 6.991503187631992E-2
30 56 2.2936022237394132E-1
30 57 1.064245883066694
30 58 1.2906886970428222
30 59 2.8676523509486984E-1
30 60 9.311853431618083E-3
31 1 1.0174772074607718E1
31 2 5.297147093111202E1
31 3 9.472445692126627E1
31 4 5.2134776980196264E1
31 5 5.403176772624293E-1
31 6 -1.7483526323717258E-1
31 7 3.5247574843727094E-3
31 10 2.5666511224997475E1
31 11 3.1704684231713227E1
31 12 -6.838206311783006E1
31 13 -1.2220262886428014E2
31 14 -9.253946635410822
31 15 1.4332639299345247
31 16 -3.185330177221483E-2
31 19 2.8171038861395203E1
31 20 -5.687806005900683E1
31 21 -1.821358703944172E2
31 22 -3.184340930911592
31 23 5.45964994714461E1
31 24 -7.047743807190817
31 25 5.578726906446329E-1
31 28 7.012283400596483
31 29 -6.598930945102418E1
31 30 1.2795234859834167E1
31 31 2.0925158666642872E2
31 32 -2.8961671557176576E1
31 33 -1.6581067020445456E1
31 34 3.5036022567875484
31 37 -8.228884738916051E-1
31 38 -3.2513056621054676E-1
31 39 3.8866742174230616E1
31 40 -5.193836011256899
31 41 -6.472264467552144E1
31 42 8.136522328472523
31 43 3.0553914075336053
31 46 1.1703144396758541E-1
31 47 6.350893373753242E-1
31 48 -2.4431618277739764
31 49 -1.0144789330145592E1
31 50 7.949806037316715E-1
31 51 5.036466608490997
31 52 4.7454204047589066E-1
31 55 7.306257391301516E-3
31 56 5.4440543750452146E-2
31 57 2.861329386395768E-1
31 58 8.227447561641326E-1
31 59 7.50126543326646E-1
31 60 1.8879863639469519E-1
31 61 7.628731850898378E-3
32 2 9.609869483552296E-1
32 3 1.639141786163109E1
32 4 4.6351398944729375E1
32 5 1.896606414898242E1
32 6 -8.764120456757368E-1
32 7 -3.848034050922033E-2
32 8 2.7137708370802835E-3
32 11 3.598461679316414
32 12 2.2857851216055092E1
32 13 -2.3678435006940155E1
32 14 -6.113119010644482E1
32 15 5.162686398589077E-1
32 16 6.510692114136211E-1
32 17 -1.6175895677726482E-2
32 20 5.906853076510328
32 21 -2.1550132051770032
32 22 -1.1447317342357414E2
32 23 1.6637622495500025E1
32 24 3.414605477509953E1
32 25 -8.3352322572923
32 26 1.2586821862272803
32 29 3.4638050513061263
32 30 -2.475258003034289E1
32 31 -2.8961671557176576E1
32 32 1.5122813575068656E2
32 33 -3.718644392898018E1
32 34 -1.4672954436040804E1
32 35 5.997910620543111
32 38 3.7282643324349246E-1
32 39 -4.25372627376636
32 40 2.243279168976084E1
32 41 1.1540360154303167E1
32 42 -5.265864597135292E1
32 43 6.475842640628951
32 44 4.72062419956628
32 47 3.996156809906493E-2
32 48 3.07646565636259E-1
32 49 7.758294163611928E-2
32 50 -6.148155448047519
32 51 -1.1108298266310797
32 52 3.78489713642522
32 53 6.843845942016232E-1
32 56 1.6196713188116607E-3
32 57 2.7934311316927054E-2
32 58 1.3302332190303592E-1
32 59 3.5025142880613364E-1
32 60 4.2117943559137433E-1
32 61 1.3283032820075388E-1
32 62 1.0066955939138969E-2
33 3 3.657006118388547E-1
33 4 9.182074489783522
33 5 2.413145095676265E1
33 6 7.887513974610119
33 7 -9.833083682172019E-1
33 8 3.315034084479453E-2
33 9 3.328129737708901E-3
33 12 1.7681639668612572
33 13 1.74562840996892E1
33 14 -1.5901709264785488E1
33 15 -3.645855428416266E1
33 16 3.877511662286783
33 17 2.2727966492328694E-2
33 18 9.113451124195025E-2
33 21 3.671689792113342
33 22 4.949811461320954
33 23 -8.399551782229811E1
33 24 2.6021400462714166E1
33 25 2.7725033607428298E1
33 26 -1.893248490201788E1
33 27 6.596872514886039
33 30 2.9660105745767225
33 31 -1.6581067020445456E1
33 32 -3.718644392898018E1
33 33 1.2864131310334614E2
33 34 -3.269392748881777E1
33 35 -4.216296968696748E1
33 36 2.6849362221926565E1
33 39 5.58163246628371E-1
33 40 -5.166418856888469
33 41 1.3519674971391154E1
33 42 2.062742821282226E1
33 43 -4.8043795417385184E1
33 44 -7.913601914083927
33 45 1.9670315087309323E1
33 48 4.260847198913228E-2
33 49 1.3591080157756064E-1
33 50 7.505390721752669E-1
33 51 -3.7997734812411124
33 52 -3.418052529226518
33 53 2.360856356826036
33 54 2.7076202333686727
33 57 1.0144263157676893E-3
33 58 2.199225907868921E-2
33 59 7.203221060357293E-2
33 60 1.5981230523423118E-1
33 61 2.105631186569256E-1
33 62 1.2149366115857506E-1
33 63 3.7066081920505936E-2
34 4 2.533238488395219E-1
34 5 5.864640224040306
34 6 1.241801565892947E1
34 7 9.801314804975515E-1
34 8 -7.312675655549461E-1
34 9 1.648891441151147E-1
34 13 1.4786384254697782
34 14 1.315093269353053E1
34 15 -1.7746970329274927E1
34 16 -1.7572049938531013E1
34 17 9.506897770520638
34 18 -2.6181410393596116
34 22 3.606396018920762
34 23 4.99293985853456
34 24 -6.994941994055652E1
34 25 5.989183249117375E1
34 26 -1.7948588279622513E1
34 27 3.3879341596711927
34 31 3.5036022567875484
34 32 -1.4672954436040804E1
34 33 -3.269392748881777E1
34 34 1.7101413702355936E2
34 35 -1.9654613371169472E2
34 36 8.400469617835478E1
34 40 8.343591124870442E-1
34 41 -6.102820622344798
34 42 1.1724071101035966E1
34 43 5.254144886051751E1
34 44 -1.5093181842907563E2
34 45 8.845531906912156E1
34 49 6.1608472119043405E-2
34 50 -5.07253143538076E-2
34 51 1.0669169823248619
34 52 4.331169999523901E-2
34 53 -1.673637908214723E1
34 54 1.5036839215870035E1
34 58 1.0162702455004744E-3
34 59 1.721353147332201E-2
34 60 3.949833199101092E-2
34 61 2.9524294290952224E-2
34 62 -2.9225024591129748E-2
34 63 2.602870275485301E-1
35 5 2.9368188374051146E-1
35 6 5.455008167051279
35 7 4.314160373977372
35 8 -5.606910774276503
35 9 4.014556367535974E-1
35 14 1.986853334120992
35 15 9.906372266762448
35 16 -4.8467201978036385E1
35 17 1.695233159351643E1
35 18 -4.10321240775645
35 23 5.4582794823965335
35 24 -1.0975518876386811E1
35 25 -1.8362141313743948E2
35 26 3.704091318552496E2
35 27 -1.8897495562641527E2
35 32 5.997910620543111
35 33 -4.216296968696748E1
35 34 -1.9654613371169472E2
35 35 8.244423194817341E2
35 36 -5.509099578762574E2
35 41 1.6397858047349756
35 42 -1.6619304391475566E1
35 43 -3.79227546973435E1
35 44 3.402703647370186E2
35 45 -2.9438693177070826E2
35 50 1.2294324571355263E-1
35 51 -8.012829724197608E-1
35 52 -1.4187037564309322
35 53 2.2502221896022238E1
35 54 -2.75549539716926E1
35 59 1.5967628152448459E-3
35 60 1.5062712208613365E-2
35 61 2.638327183395004E-3
35 62 1.1624113167274311E-2
35 63 -1.1153665940917853E-1
36 6 9.72558317788757E-1
36 7 8.028059168288705
36 8 7.961066938807232
36 9 -9.279383580630379E-1
36 15 7.419269425563403
36 16 4.501193193190566E1
36 17 -5.2108447030468234E1
36 18 1.825447498927553E1
36 24 2.2353374993458946E1
36 25 1.0084168779063772E2
36 26 -3.3754853395149024E2
36 27 1.9517182614922226E2
36 33 2.6849362221926565E1
36 34 8.400469617835478E1
36 35 -5.509099578762574E2
36 36 4.081776542563824E2
36 42 8.051440711195534
36 43 1.5312209420127417E1
36 44 -1.946386443391436E2
36 45 1.8233763900923694E2
36 51 6.181369110025157E-1
36 52 1.2522661954495433
36 53 -1.5139053305373091E1
36 54 1.847120103307916E1
36 60 6.866877510081703E-3
36 61 3.751654930330135E-2
36 62 -1.4169375971264225E-1
36 63 2.810295519918705E-1
37 10 1.336976474090693E1
37 11 -6.354467581897331
37 12 -1.9205934702599065E-1
37 13 2.389467242754345E-3
37 19 -6.149800023642699E1
37 20 1.7536368961534187E1
37 21 3.9035395061134737
37 22 9.576675309581373E-2
37 28 4.482999820268092
37 29 1.2567337595608379E2
37 30 -2.263700474236501E1
37 31 -8.228884738916051E-1
37 37 2.3236540546342053E2
37 38 -2.6601616860374395E2
37 39 -1.8971461168232867E1
37 40 8.759188576142728
37 46 3.342697132790595E1
37 47 -1.8184651624782504E2
37 48 6.315876978105503E1
37 49 1.2908156104132082E1
37 55 1.0829750377691573E1
37 56 2.985711368185007
37 57 2.049789207820282E1
37 58 2.5843739922536133
37 64 2.5835770930713124
37 65 2.0893056529781044
37 66 9.946385662214486E-1
37 67 9.062081490363759E-2
38 10 4.1659552345519664E1
38 11 1.4819501929249685
38 12 -8.095700101598091E-2
38 13 -1.3959914987517166E-1
38 14 1.713901814207143E-3
38 19 1.0622847404124167E2
38 20 -1.475215443701489E2
38 21 -8.683057434126258
38 22 1.2513293264004488
38 23 -5.787892271751612E-3
38 28 -3.4523302934827126E2
38 29 7.862101271166598E1
38 30 8.759921755122136E1
38 31 -3.2513056621054676E-1
38 32 3.7282643324349246E-1
38 37 -2.6601616860374395E2
38 38 6.244017603955882E2
38 39 -6.809224535704409E1
38 40 -3.656713435337305E1
38 41 3.23838737079907
38 46 1.379368411541137E1
38 47 8.408560949925592E1
38 48 -1.3641516202299402E2
38 49 -8.027276459326565
38 50 3.071540659880365
38 55 -6.194950869566713
38 56 -2.0528855919802588E1
38 57 -9.441173197198246
38 58 4.761105348220816
38 59 4.9816545911070836E-1
38 64 -2.5062419998932556E-1
38 65 6.303346704939394E-1
38 66 1.314764322027093
38 67 4.972984931717869E-1
38 68 1.3969906967130703E-2
39 10 1.2953523621769572E1
39 11 1.540478569107983E1
39 12 7.773793365726622
39 13 8.195151066952652E-1
39 14 -2.8633010000665586E-2
39 15 8.211563105883902E-4
39 19 9.979045396235269E1
39 20 -3.0127538797838994E1
39 21 -4.101178075115409E1
39 22 -8.233371714599675
39 23 6.308433159961395E-1
39 24 2.739416370002804E-3
39 28 1.164898141511252E2
39 29 -2.6930958772728764E2
39 30 -5.328492018986841
39 31 3.8866742174230616E1
39 32 -4.25372627376636
39 33 5.58163246628371E-1
39 37 -1.8971461168232867E1
39 38 -6.809224535704409E1
39 39 1.857735969659914E2
39 40 -4.199449581440173
39 41 -1.3082009707076272E1
39 42 2.692849594870991
39 46 -7.740652979404409
39 47 2.4706465972333827E1
39 48 8.459515734147935
39 49 -4.862112907029793E1
39 50 3.3554092379341807
39 51 2.103285275973417
39 55 1.7075179482541394
39 56 -1.4258724798789162
39 57 -7.165720692271892
39 58 -1.0142234487236728
39 59 3.0332827539827703
39 60 2.992639017248105E-1
39 64 2.0861107789842478E-1
39 65 5.554095806218512E-1
39 66 1.1596176164820267
39 67 1.0450523838250785
39 68 2.0775685892726833E-1
39 69 7.0646667514896585E-3
40 10 1.051413680901091
40 11 5.548435447979405
40 12 9.898769411222307
40 13 5.235730039558502
40 14 3.5679258638581006E-2
40 15 -1.7418240101455403E-3
40 16 5.007586577026297E-4
40 19 1.0854215816484277E1
40 20 2.3776291191235845E1
40 21 1.375567190918497
40 22 -2.423412010941462E1
40 23 -1.0775463112162518
40 24 2.9024059011844616E-1
40 25 1.7304597215678258E-2
40 28 2.222887772557868E1
40 29 -1.5597257996526698E1
40 30 -9.511091204189374E1
40 31 -5.193836011256899
40 32 2.243279168976084E1
40 33 -5.166418856888469
40 34 8.343591124870442E-1
40 37 8.759188576142728
40 38 -3.656713435337305E1
40 39 -4.199449581440173
40 40 1.2087001127444198E2
40 41 -2.598738343742141E1
40 42 -8.797239013072222
40 43 3.180954748064704
40 46 1.4051912711489265
40 47 -4.025868324079214
40 48 1.3352172022222593E1
40 49 5.310253574096469
40 50 -3.6638444224235045E1
40 51 4.4844607664465785
40 52 2.2246915652132366
40 55 3.0214983886006247E-1
40 56 4.84746059955928E-1
40 57 -1.1257807522733454
40 58 -4.785097316406656
40 59 -5.215171834615204E-1
40 60 2.3971653081937494
40 61 2.9029398763757097E-1
40 64 2.0450494846859464E-2
40 65 1.591935944760838E-1
40 66 5.421575096776755E-1
40 67 9.237810706547965E-1
40 68 5.988149077175972E-1
40 69 1.3789118954935012E-1
40 70 6.0030668656375465E-3
41 11 1.1956819983948724E-1
41 12 1.9537234402143726
41 13 5.2785478584234085
41 14 1.9607430063402314
41 15 -8.653512862136821E-2
41 16 8.507135762779571E-3
41 17 4.300903008100772E-4
41 20 1.6486116879604173
41 21 1.2743206095205727E1
41 22 3.072365044275663
41 23 -1.4547064818669766E1
41 24 1.0672192703154293
41 25 6.116322505502092E-3
41 26 5.274288960823918E-2
41 29 4.7501329262421645
41 30 6.07912097320544
41 31 -6.472264467552144E1
41 32 1.1540360154303167E1
41 33 1.3519674971391154E1
41 34 -6.102820622344798
41 35 1.6397858047349756
41 38 3.23838737079907
41 39 -1.3082009707076272E1
41 40 -2.598738343742141E1
41 41 9.868447233105837E1
41 42 -3.192318654313129E1
41 43 -8.738017995038707
41 44 5.477548578241655
41 47 8.024393895189038E-1
41 48 -3.0450120242589165
41 49 5.009710697834448
41 50 1.5137523548158693E1
41 51 -3.223138651425954E1
41 52 3.18585704822575
41 53 3.5692797232871256
41 56 1.0237149565886162E-1
41 57 3.9953182658756276E-1
41 58 -1.5394805061791916E-1
41 59 -2.642711993703767
41 60 -1.2836493908534623
41 61 1.7913139349814629
41 62 4.387473329686039E-1
41 65 4.640857183594816E-3
41 66 7.989469459296565E-2
41 67 3.137658380113378E-1
41 68 4.3068810658528045E-1
41 69 3.3406632652412144E-1
41 70 9.708661724234055E-2
41 71 8.189313429538882E-3
42 12 5.006538544030219E-2
42 13 1.1743876786686656
42 14 2.863320063833964
42 15 7.945443073475175E-1
42 16 -9.399673131393284E-2
42 17 1.7100121730506526E-2
42 18 1.0189687270496229E-3
42 21 8.496894908485778E-1
42 22 9.307683596600487
42 23 -4.070388871949992E-1
42 24 -9.562157560802136
42 25 1.9778803402587624
42 26 -5.965635462673924E-1
42 27 3.278891793106736E-1
42 30 3.0355506112771558
42 31 8.136522328472523
42 32 -5.265864597135292E1
42 33 2.062742821282226E1
42 34 1.1724071101035966E1
42 35 -1.6619304391475566E1
42 36 8.051440711195534
42 39 2.692849594870991
42 40 -8.797239013072222
42 41 -3.192318654313129E1
42 42 9.15743903565756E1
42 43 -2.95068058455836E1
42 44 -3.320467556156332E1
42 45 2.4687230937558017E1
42 48 8.025262718280374E-1
42 49 -3.0612282465781497
42 50 2.623684699346485E-1
42 51 2.14682992939764E1
42 52 -3.036657883215334E1
42 53 -8.982798401022613
42 54 1.5321699106027443E1
42 57 8.85084315169356E-2
42 58 3.3387345812309654E-1
42 59 -5.14618061752339E-2
42 60 -1.272953034174549
42 61 -2.2837103836595745
42 62 6.575522888549358E-1
42 63 1.8048092509656988
42 66 2.9943159775388897E-3
42 67 6.193477433324078E-2
42 68 1.877943185829601E-1
42 69 2.1829173024672333E-1
42 70 1.6832539627830886E-1
42 71 8.520355241671282E-2
42 72 3.110110988358349E-2
43 13 3.691606317967769E-2
43 14 7.830415786263467E-1
43 15 1.4729817030652304
43 16 2.432280054319689E-2
43 17 -3.71155164990995E-2
43 18 2.1434430460104147E-2
43 22 7.355585061155635E-1
43 23 6.890934466666171
43 24 -4.606706136253879
43 25 -3.9590923353975604
43 26 2.2267216043030365
43 27 -4.398743607905649E-1
43 31 3.0553914075336053
43 32 6.475842640628951
43 33 -4.8043795417385184E1
43 34 5.254144886051751E1
43 35 -3.79227546973435E1
43 36 1.5312209420127417E1
43 40 3.180954748064704
43 41 -8.738017995038707
43 42 -2.95068058455836E1
43 43 1.36993826616551E2
43 44 -1.767557629122943E2
43 45 8.25907691881108E1
43 49 1.0541399599201378
43 50 -3.785701371746036
43 51 -3.0046339792055005E-1
43 52 4.89858365905175E1
43 53 -1.1327687335358945E2
43 54 6.49494119422446E1
43 58 1.0967103259227837E-1
43 59 1.8622684853685006E-1
43 60 -9.850747902359523E-2
43 61 1.7851165997504106
43 62 -1.1414086474764298E1
43 63 9.080651068779758
43 67 3.0150400445506176E-3
43 68 4.8606314631228636E-2
43 69 1.0374096448588911E-1
43 70 7.106555787693612E-2
43 71 -3.722448801774495E-2
43 72 2.0294582777468168E-1
44 14 4.480983131319483E-2
44 15 7.351288548523439E-1
44 16 3.504893639993179E-1
44 17 -7.279158707718695E-1
44 18 6.546136617941123E-3
44 23 1.0157529757206956
44 24 5.089966599402084
44 25 -2.2929103366480874E1
44 26 1.7880941981924913E1
44 27 -9.95753310379863
44 32 4.72062419956628
44 33 -7.913601914083927
44 34 -1.5093181842907563E2
44 35 3.402703647370186E2
44 36 -1.946386443391436E2
44 41 5.477548578241655
44 42 -3.320467556156332E1
44 43 -1.767557629122943E2
44 44 7.114506028223044E2
44 45 -4.7948877417206614E2
44 50 1.9454797889218156
44 51 -1.3921594361140107E1
44 52 -5.491253247027117E1
44 53 3.076860290843576E2
44 54 -2.458075505493371E2
44 59 1.968977264080473E-1
44 60 -6.384704497199016E-1
44 61 -4.724788778567904
44 62 2.35113022599086E1
44 63 -2.3728033020359142E1
44 68 4.661699887799846E-3
44 69 4.392088610702165E-2
44 70 -2.0843683944516453E-2
44 71 1.1953402534296244E-1
44 72 -2.489585692772756E-1
45 15 1.5386362038416698E-1
45 16 1.2148175705281257
45 17 7.640622057375407E-1
45 18 8.182797020877178E-2
45 24 3.879652910540793
45 25 2.3070323368516252E1
45 26 -3.0030250661632248E1
45 27 1.628565982072452E1
45 33 1.9670315087309323E1
45 34 8.845531906912156E1
45 35 -2.9438693177070826E2
45 36 1.8233763900923694E2
45 42 2.4687230937558017E1
45 43 8.25907691881108E1
45 44 -4.7948877417206614E2
45 45 3.49744900689656E2
45 51 9.207166435040532
45 52 2.6329713439798407E1
45 53 -1.943631452399452E2
45 54 1.6488273566481246E2
45 60 9.185809939428292E-1
45 61 3.2802465026981276
45 62 -1.8199701508109715E1
45 63 1.856745293233874E1
45 69 1.9479905540414226E-2
45 70 1.1931113046718497E-1
45 71 -2.5107183325567906E-1
45 72 4.5880673344585227E-1
46 19 3.5866456990507793
46 20 -1.5672041028022266
46 21 1.2492158753919593E-2
46 22 4.506244885250376E-3
46 28 -6.259651241133911
46 29 1.4729740609319841
46 30 1.4778531906640984
46 31 1.1703144396758541E-1
46 37 3.342697132790595E1
46 38 1.379368411541137E1
46 39 -7.740652979404409
46 40 1.4051912711489265
46 46 1.0053754095801594E2
46 47 -1.51082426379625E2
46 48 4.177234860494455
46 49 8.12254412157826
46 55 2.9108018254858116E1
46 56 -9.87187135037926E1
46 57 2.8022800296119296E1
46 58 6.787438045968916
46 64 1.4506824169045844E1
46 65 -1.0198033341712673E1
46 66 1.2185146107362682E1
46 67 1.7214884894311049
46 73 9.607987405268979
46 74 3.345961590548844
46 75 1.969930086904195
46 76 1.764176501543176E-1
47 19 9.942171870089803
47 20 1.1407608329150125E-1
47 21 7.331426153726595E-2
47 22 2.3696298838179167E-3
47 23 1.0338907262598112E-3
47 28 3.265606012049085E1
47 29 -5.559273205460566E1
47 30 -1.7643861740839202
47 31 6.350893373753242E-1
47 32 3.996156809906493E-2
47 37 -1.8184651624782504E2
47 38 8.408560949925592E1
47 39 2.4706465972333827E1
47 40 -4.025868324079214
47 41 8.024393895189038E-1
47 46 -1.51082426379625E2
